,county,2020Count,2020Rate,2019Count,2019Rate,2018Count,2018Rate,2017Count,2017Rate,2016Count,2016Rate,2015Count,2015Rate,2014Count,2014Rate,2013Count,2013Rate,2012Count,2012Rate,2011Count,2011Rate
3,Alachua,16,6.5,18,6.6,22,9.3,17,6.4,12,4.9,16,6.2,15,5.1,15,6.3,18,7.9,13,5.3
4,Baker,2,7.5,1,3.2,1,3.6,0,0,1,3.6,1,3.5,3,12.5,1,3.5,1,3.5,0,0
5,Bay,18,10.2,12,6.3,18,9.7,23,12.5,16,9,17,9.6,15,8.6,10,6.2,17,8.9,9,5.4
6,Bradford,4,15,1,4.3,2,6.8,1,2.3,1,3.6,6,25.2,2,8.3,3,10,3,11,0,0
7,Brevard,41,6.3,70,11,61,10.1,63,9.9,68,13.3,58,9.7,50,8.1,55,9.6,63,11,37,6.8
8,Broward,108,5.2,127,6.1,141,6.7,120,6,138,7,113,5.7,120,5.8,118,6.1,115,6.1,132,6.8
9,Calhoun,1,6.7,0,0,0,0,3,15.4,1,8.4,0,0,0,0,0,0,0,0,2,12.9
10,Charlotte,13,8.5,19,10.6,15,9.8,10,4.6,13,7.7,15,9.8,6,4,7,5,9,8.1,7,5.5
11,Citrus,9,9.5,9,9.2,22,14.5,11,7.2,7,5.4,10,6,7,7.2,13,8.1,10,8.6,17,13.9
12,Clay,9,4.2,16,6.5,19,9.3,16,7.4,12,5.5,16,7.4,14,6.8,15,7.9,14,7.1,9,4.4
13,Collier,26,6.9,23,6.4,28,6.7,27,7.8,17,5.2,25,7.1,18,5.4,20,5.8,23,7.1,18,6
14,Columbia,10,15.3,6,10.9,9,12.4,4,5.5,1,0.9,4,6,5,6.8,3,4.7,2,2.7,5,7.4
15,Miami-Dade,113,3.6,158,5,146,4.9,124,4,143,4.8,146,4.9,144,5.1,117,4.3,128,4.7,119,4.4
16,Desoto,1,3.2,3,6.8,4,10.9,0,0,3,7.7,3,9.8,4,10.2,3,8.4,1,3.2,3,7.7
17,Dixie,3,17.3,0,0,0,0,0,0,2,11.8,1,2.9,2,9,2,12.1,2,8.8,0,0
18,Duval,61,6.2,83,8.4,71,7.3,68,7,56,5.8,69,7.5,51,5.4,57,6.3,57,6.3,53,5.9
19,Escambia,33,9.5,21,6.2,21,6.5,30,10.3,25,8.2,28,9,22,7.7,19,6.3,23,8.3,15,4.7
20,Flagler,10,7.6,10,9.1,9,9,21,21.2,13,14,10,12.1,11,10.8,6,6.1,6,6.7,10,10.4
21,Franklin,0,0,2,25,1,3.7,0,0,2,12.8,1,5.2,0,0,1,7.5,1,5.2,0,0
22,Gadsden,2,3.6,2,4.3,6,14.5,1,2.3,1,2.3,2,2.7,2,4.6,3,5.9,1,1.8,1,2.3
23,Gilchrist,1,8.7,2,13.5,1,3.4,0,0,2,13.9,2,8.6,0,0,1,8.8,1,5.7,1,5.5
24,Glades,1,3.7,2,13.3,1,10.2,0,0,2,16.5,0,0,0,0,1,10.2,1,10.5,0,0
25,Gulf,2,11,2,13.6,3,15.8,0,0,0,0,2,10.7,2,9,0,0,0,0,2,10.2
26,Hamilton,1,6.6,2,16.6,0,0,0,0,0,0,1,7.1,1,9.2,0,0,0,0,0,0
27,Hardee,1,3.7,1,3.6,2,10.3,0,0,5,19.2,2,7,0,0,1,3.3,2,8,1,3.6
28,Hendry,2,5.2,4,9.7,1,3.3,0,0,4,11,2,5,2,5,1,2.5,0,0,0,0
29,Hernando,11,7.2,17,9.2,14,7.5,14,6.3,10,6.4,18,10.7,13,7.8,17,10.2,15,7.5,23,14.4
30,Highlands,12,15.8,12,13.2,15,18.1,8,7.1,7,5.2,11,12.7,9,9.3,9,11.3,4,5.7,6,5.3
31,Hillsborough,76,5.2,97,6.4,111,7.2,93,6.3,76,5.4,91,6.7,104,7.6,79,6,77,6,85,6.6
32,Holmes,6,32,0,0,1,5.3,0,0,1,6.7,1,6.7,3,13.6,0,0,2,8.5,2,11
33,Indian River,16,9.5,9,5.7,11,5.9,16,13.9,13,6.9,9,4.7,16,11.1,9,6.9,13,7.8,6,5.4
34,Jackson,9,20.2,3,5.5,4,8.7,3,5.3,2,4.4,7,14.1,3,4.8,3,5,4,9,1,1.8
35,Jefferson,0,0,3,14.5,0,0,1,3.7,0,0,1,10.1,0,0,0,0,1,5.8,0,0
36,Lafayette,0,0,0,0,0,0,0,0,0,0,0,0,0,0,0,0,1,9.9,0,0
37,Lake,24,6.7,34,8.7,36,11.3,35,11.2,17,4.7,26,8.1,21,6.2,20,5.9,14,5,13,4.3
38,Lee,58,7.1,66,8.6,56,8.4,42,6.2,44,6.9,66,9.7,79,12.2,53,8.3,53,7.9,47,7.1
39,Leon,12,3.7,12,4.4,11,3.8,19,6,11,3.6,19,5.9,7,2.8,13,5.1,20,8.1,7,2.8
40,Levy,2,4.8,0,0,2,6.7,3,5.6,1,3.2,6,12.7,5,11.9,3,8.5,6,14.7,3,6.9
41,Liberty,0,0,0,0,0,0,0,0,0,0,0,0,0,0,0,0,0,0,0,0
42,Madison,1,5.1,4,20,0,0,0,0,0,0,2,10.4,0,0,1,5.5,1,5.4,0,0
43,Manatee,29,7.2,30,6.9,29,7.1,26,6.8,33,9.1,34,9.4,26,7.1,37,9.3,28,8.8,23,7
44,Marion,36,10.4,35,10.4,42,12.7,25,7.4,22,6.9,39,12.8,23,6.3,21,6.5,33,10.6,22,7
45,Martin,17,8.9,15,9.2,17,10.2,10,5.9,17,12,9,4.4,15,9.1,17,12.9,11,6.3,21,13.8
46,Monroe,14,17,11,13.2,12,10.2,11,12.6,9,11.5,9,11.8,6,6.7,19,27.3,13,14.5,7,7.7
47,Nassau,10,12.8,12,15.4,6,7.7,4,4.9,8,13.1,5,6.8,5,7,7,8.6,6,9.3,2,1.6
48,Okaloosa,15,7.8,14,7.1,20,10.3,18,8.7,11,6.1,16,8.1,9,5,17,9.4,17,9.1,14,7.7
49,Okeechobee,3,8,6,16.6,3,5.6,4,9.5,3,5.9,1,2.5,4,11.2,1,2.5,1,3.3,6,14.7
50,Orange,64,4.3,77,5.3,78,5.5,73,5.3,69,5.3,79,6.1,76,5.9,63,5.1,75,6.5,57,4.9
51,Osceola,19,4.7,25,6.7,25,6.9,20,5.8,17,5.4,16,5.2,15,4.8,14,4.6,17,5.9,21,7.7
52,Palm Beach,78,4.9,114,7.1,133,8.6,123,7.8,133,9.1,139,9.2,119,7.7,109,7.2,108,7.9,119,8.5
53,Pasco,50,9,59,10.8,50,9.9,41,8.1,51,9.7,51,9.1,57,12,43,8.7,32,6.6,48,10.4
54,Pinellas,86,8.7,101,9.2,117,11.5,89,9,106,10.4,89,8.6,94,8.7,82,8,116,12.1,90,8.8
55,Polk,45,6.2,55,7.9,47,7.1,43,5.9,43,6.5,40,6.5,45,7,30,5.2,38,6.5,40,6.8
56,Putnam,8,13.8,4,5.4,9,13.5,6,10,6,10.9,2,2.9,8,10.8,7,11.3,4,4.8,4,5.7
57,St. Johns,30,10.1,25,9.4,19,7.7,23,8.6,15,5.6,15,7.2,18,8,17,7.2,17,8.2,10,4.8
58,St. Lucie,15,4.5,24,7.7,29,8.1,21,7.1,25,8.5,26,9.1,20,6.8,15,5.4,21,6.9,24,8.1
59,Santa Rosa,17,9.3,14,8,14,7.5,13,7.5,16,9.7,10,6.5,17,9.9,12,7.6,12,6.9,12,7.4
60,Sarasota,41,8.9,44,9.3,56,11.5,38,9.8,41,9.2,44,10,30,8.4,50,13.1,35,8.7,37,9.8
61,Seminole,21,3.9,19,3.7,31,6.2,29,6,36,7.2,22,4.4,27,6.2,30,6.8,28,6.5,28,6.3
62,Sumter,4,0.9,13,12.5,9,4.2,9,7.9,8,5.9,10,13.2,10,10.7,12,12.8,5,7,6,8.2
63,Suwannee,3,7.2,4,9.6,3,7.9,2,6.6,1,1.4,4,9.9,1,2.3,4,8.8,3,5.9,2,3.9
64,Taylor,2,7.7,2,9,0,0,1,2.9,0,0,1,2.8,1,4.1,1,4,2,5.5,1,5.1
65,Union,3,23.8,0,0,3,20,3,16.5,2,11.2,0,0,1,7.6,4,22.4,2,13.8,1,5.3
66,Volusia,50,8.8,62,12.1,55,9.4,56,11.9,46,8.9,54,10,50,9.9,46,8.6,49,8.8,38,7.5
67,Wakulla,2,5.7,1,2.8,3,9.9,0,0,1,3.9,0,0,1,2.7,1,2.7,3,11.3,2,6.6
68,Walton,4,5.1,6,7.7,4,5.5,4,6.8,4,7.3,3,5.5,4,7.2,0,0,4,5.1,8,11.7
69,Washington,0,0,1,3.8,5,18.9,3,12.2,3,9.8,1,4.9,1,3.7,1,4.2,0,0,2,7.1
